% -------------------------------------------------------------------
%  Generated by MATLAB on 25-Apr-2022 11:31:33
%  MATLAB version: 8.5.0.197613 (R2015a)
% -------------------------------------------------------------------
                                 

c = 35.555555555555557;

f = 212;

